4294967278,343
4294967152,298
4294967278,342
4294967278,341
4294967152,297
4294967278,340
4294967278,339
4294967152,296
4294967152,295
9,4
9,3
9,2
9,1
9,0
4294967152,294
4294967294,316
4294967152,293
4294967294,909
4294967278,338
4294967152,292
4294967152,291
8,7
4294967152,290
4294967152,289
8,6
8,5
4294967278,337
4294967152,288
4294967278,336
4294967152,287
4294967152,286
4294967152,285
4294967152,284
4294967152,283
4294967278,335
4294967152,282
4294967152,281
4294967278,334
4294967152,280
4294967278,333
4294967152,279
4294967152,278
4294967152,277
4294967278,332
4294967152,276
4294967152,275
4294967278,331
4294967152,274
4294967278,330
4294967152,273
4294967152,272
4294967278,329
4294967152,271
4294967152,270
8,4
4294967152,269
8,3
8,2
8,1
8,0
4294967152,268
4294967152,267
4294967278,328
4294967152,266
4294967278,327
4294967152,265
4294967152,264
4294967278,326
4294967152,263
4294967152,262
4294967152,261
4294967152,260
4294967152,259
4294967152,258
4294967152,257
7,9
4294967152,256
4294967152,255
4294967152,254
4294967152,253
4294967152,252
4294967152,251
7,8
4294967152,250
4294967152,249
4294967152,248
4294967152,247
4294967278,325
4294967152,246
4294967152,245
4294967152,244
4294967152,243
4294967278,324
4294967152,242
4294967152,241
4294967278,323
4294967152,240
7,7
7,6
7,5
4294967152,239
4294967152,238
4294967152,237
4294967278,322
4294967152,236
4294967278,321
4294967152,235
4294967152,234
4294967152,233
4294967278,320
4294967152,232
4294967152,231
4294967152,230
4294967278,319
4294967152,229
4294967152,228
4294967278,318
4294967152,227
4294967152,226
4294967152,225
4294967278,317
4294967152,224
4294967152,223
4294967278,316
4294967152,222
4294967152,221
4294967152,220
4294967278,315
4294967152,219
4294967152,218
4294967278,314
4294967152,217
4294967278,313
4294967152,216
7,4
4294967152,215
7,3
7,2
7,1
7,0
4294967152,214
4294967278,312
4294967278,311
4294967278,310
4294967152,213
4294967152,212
4294967152,211
4294967152,210
4294967152,209
4294967278,309
4294967152,208
4294967278,308
4294967152,207
4294967152,206
4294967152,205
4294967152,204
4294967278,307
4294967152,203
4294967152,202
4294967152,201
4294967278,306
4294967152,200
4294967278,305
4294967152,199
4294967152,198
4294967152,197
4294967152,196
4294967278,304
4294967152,195
4294967152,194
4294967152,193
4294967152,192
4294967293,131
4294967293,130
4294967293,129
4294967293,128
4294967293,127
4294967293,126
4294967293,125
4294967293,124
4294967293,123
4294967293,122
4294967293,121
4294967293,120
4294967293,119
4294967293,118
4294967293,117
4294967293,116
4294967293,115
4294967293,114
4294967293,113
4294967293,112
4294967293,111
4294967293,110
4294967293,109
4294967293,108
4294967293,107
4294967293,106
4294967293,105
4294967293,104
4294967293,103
4294967293,102
4294967293,101
4294967293,100
4294967293,99
4294967293,98
4294967293,97
4294967293,96
4294967293,95
4294967293,94
4294967293,93
4294967293,92
4294967293,91
4294967293,90
4294967293,89
4294967293,88
4294967293,87
4294967293,86
4294967293,85
4294967293,84
4294967293,83
4294967293,82
4294967293,81
4294967293,80
4294967293,79
4294967293,78
4294967293,77
4294967293,76
4294967293,75
4294967293,74
4294967293,73
4294967293,72
4294967293,71
4294967293,70
4294967293,69
4294967293,68
4294967293,67
4294967293,66
4294967293,65
4294967293,64
4294967293,63
4294967293,62
4294967293,61
4294967293,60
4294967293,59
4294967293,58
4294967293,57
4294967293,56
4294967293,55
4294967293,54
4294967293,53
4294967293,52
4294967293,51
4294967293,50
4294967293,49
4294967293,48
4294967293,47
4294967293,46
4294967293,45
4294967293,44
4294967293,43
4294967293,42
4294967293,41
4294967293,40
4294967293,39
4294967293,38
4294967293,37
4294967293,36
4294967293,35
4294967293,34
4294967293,33
4294967293,32
4294967293,31
4294967293,30
4294967293,29
